train_mse_loss,train_physics_loss,train_loss,valid_mse_loss,valid_physics_loss,valid_loss,epoch,train_seconds,valid_seconds,checkpoint_seconds,total_seconds
1.6891571232566127,8046338.725925926,1.8580728355749154,36.67273941040039,7321033.977777778,5.182654041714138,0,9.127193689346313,0.5371086597442627,0.32019615173339844,9.984498500823975
0.2965476171469983,7036378.037037037,0.32620237690431103,0.8523948629697163,6979467.055555556,1.4161416477627224,1,8.812130451202393,0.4974064826965332,0.4045703411102295,9.714107275009155
0.21501913434929318,6783814.824691358,0.23652104676505667,0.463423439529207,6693024.688888889,0.8008971042103238,2,8.819800853729248,0.5003633499145508,0.4049043655395508,9.72506856918335
0.17470230607338894,6460198.988888889,0.19217253577562027,0.20286770164966583,6324570.288888888,-0.029207009739345976,3,8.872128248214722,0.5034999847412109,0.4103841781616211,9.786012411117554
0.1697595998092934,6149598.228395062,0.18673556233629768,0.15062872303856745,5996759.788888888,-0.33227556546529136,4,8.913550615310669,0.5057461261749268,0.40677905082702637,9.826075792312622
0.14309147699379626,5883609.2,0.15740062403090208,0.2144998295439614,5785135.322222223,0.01752831670973036,5,8.969134330749512,0.5098550319671631,0.2574794292449951,9.73646879196167
0.12642746779285832,5641624.233333333,0.1390702133377393,0.16751351488961114,5581504.544444445,-0.23321428563859728,6,9.008408069610596,0.5104358196258545,0.2570791244506836,9.775923013687134
0.1089485521853706,5385903.633333334,0.11984340588987609,0.12561788360277812,5287865.844444444,-0.5264190912246705,7,9.040879726409912,0.5129401683807373,0.40504932403564453,9.958869218826294
0.09739480739758338,5106558.551851852,0.10713428851263022,0.10226782196097904,5032519.4,-0.7370174169540405,8,9.066904067993164,0.5144147872924805,0.4033975601196289,9.984716415405273
0.09879997017574899,4866407.350617284,0.10867996719884283,0.1360105640358395,4867479.1,-0.4552142169740465,9,9.083840608596802,0.5138664245605469,0.25707554817199707,9.854782581329346
0.09480007719478489,4790457.4296296295,0.10428008448194574,0.10048874037133324,4722933.566666666,-0.7609271128972371,10,9.10264778137207,0.5146157741546631,0.40476369857788086,10.022027254104614
0.07563751520198068,4484691.87037037,0.08320126715633604,0.09775748136970731,4426143.044444445,-0.7949625386132134,11,9.104230403900146,0.515660285949707,0.37449169158935547,9.994382381439209
0.09819361170132955,4231695.304938272,0.10801297223862306,0.16076248751746283,4194210.2333333334,-0.30338861412472196,12,9.104998350143433,0.5155417919158936,0.25550246238708496,9.876042604446411
0.07508250474009985,4167620.12654321,0.08259075460610567,0.0842908062868648,3964491.75,-0.9542154709498087,13,9.126155853271484,0.5147097110748291,0.4183788299560547,10.059244394302368
0.053335970115882377,3739635.3567901235,0.05866956699777533,0.07360577003823386,3679573.0,-1.0972014745076497,14,9.12463092803955,0.5161275863647461,0.41034960746765137,10.051108121871948
0.045966055345388106,3531854.5425925925,0.05056266080082199,0.05126755899853176,3488950.9055555556,-1.4642261505126952,15,9.13292384147644,0.5166449546813965,0.4147632122039795,10.064332008361816
0.035889496516298365,3354182.712962963,0.03947844585334813,0.0422656108935674,3314452.972222222,-1.6624707221984862,16,9.13250207901001,0.5161850452423096,0.4132540225982666,10.061941146850586
0.03006222650040815,3224473.180246914,0.0330684490961793,0.03912083034714063,3219287.8388888887,-1.7426341030332777,17,9.137507677078247,0.5162720680236816,0.4141099452972412,10.06788969039917
0.02650561621527613,3119441.515432099,0.029156177973857632,0.031975738083322845,3097918.5444444446,-1.948563403553433,18,9.133813858032227,0.5165786743164062,0.4146573543548584,10.065049886703491
0.023476304376014955,3016532.6074074074,0.02582393502931536,0.026328850330577955,3012331.033333333,-2.145269987318251,19,9.138036727905273,0.5172646045684814,0.4137101173400879,10.069011449813843
0.025071023703541286,2961169.0907407408,0.02757812599984952,0.02943041469487879,2959275.466666667,-2.035755549536811,20,9.143567085266113,0.5164937973022461,0.2653076648712158,9.925368547439575
0.02310077098692641,2895266.312345679,0.025410847908552782,0.028879744600918557,2892358.105555556,-2.0569606675042045,21,9.141788482666016,0.517841100692749,0.26750636100769043,9.927135944366455
0.02141980217470799,2811846.102469136,0.023561782205914275,0.022565417736768723,2808655.5888888887,-2.3065422587924536,22,9.145817756652832,0.5170509815216064,0.41663622856140137,10.07950496673584
0.01820777049863044,2726050.739506173,0.020028547611501482,0.023538438520497747,2737418.288888889,-2.2671651469336616,23,9.146008729934692,0.5179169178009033,0.26023006439208984,9.924155712127686
0.019066191515252913,2669925.822839506,0.02097281059825126,0.025165569740864965,2673684.2055555554,-2.202381976445516,24,9.149298429489136,0.517662763595581,0.24467802047729492,9.911639213562012
0.020819469279161205,2635150.240123457,0.0229014163583885,0.024134829226467345,2621652.8,-2.24619484477573,25,9.149099826812744,0.5184612274169922,0.26758265495300293,9.93514370918274
0.01851485252012441,2563541.2104938272,0.020366338129948685,0.025404374218649335,2573177.472222222,-2.1967729568481444,26,9.147536277770996,0.5182430744171143,0.2684478759765625,9.934227228164673
0.019893110060581455,2514595.5962962965,0.02188242101282985,0.024163436392943063,2498377.85,-2.24995854695638,27,9.155547142028809,0.5180058479309082,0.2664623260498047,9.940015316009521
0.017323718553431976,2404574.088271605,0.019056090643560446,0.02059658798906538,2366652.1944444445,-2.414943959977892,28,9.149324417114258,0.518423318862915,0.40879082679748535,10.076538562774658
0.015615703501267198,2329682.922222222,0.017177273903364015,0.02149933179219564,2289801.3055555555,-2.3755798551771377,29,9.14963674545288,0.5174221992492676,0.2310011386871338,9.898060083389282
0.01978044474474442,2305812.0444444446,0.021758489214159824,0.021852368199163013,2313498.9111111113,-2.3580697059631346,30,9.145806789398193,0.5180108547210693,0.2674694061279297,9.931287050247192
0.01754803047228007,2235910.027777778,0.019302833604591865,0.02204525222380956,2219994.283333333,-2.353398895263672,31,9.156371355056763,0.5197362899780273,0.26207590103149414,9.938183546066284
0.016958655428463296,2155320.637654321,0.018654520933826763,0.01908611957397726,2138678.4,-2.5012243535783556,32,9.154582977294922,0.5179436206817627,0.4169039726257324,10.089430570602417
0.015477531260730308,2072216.927777778,0.017025284372546055,0.022979294798440405,2057768.2777777778,-2.3194870736863877,33,9.149263381958008,0.5172667503356934,0.2658669948577881,9.93239712715149
0.022496966898073383,2024619.7308641975,0.02474666366606583,0.02872861611346404,1991112.3527777777,-2.099453650580512,34,9.147403240203857,0.5185246467590332,0.2722654342651367,9.938193321228027
0.018818421045571198,1977394.6546296296,0.020700263052626892,0.02059889158440961,1979468.7055555556,-2.4327142927381726,35,9.146957159042358,0.5172164440155029,0.26897096633911133,9.933144569396973
0.017877723396192362,1936860.1157407407,0.01966549589034216,0.02448798298007912,1993393.861111111,-2.259041902754042,36,9.149418592453003,0.5178115367889404,0.2670571804046631,9.934287309646606
0.014979497368596955,1882203.8719135802,0.016477447233082337,0.02080318724943532,1880831.9972222222,-2.427963627709283,37,9.151650667190552,0.5184578895568848,0.26724982261657715,9.937358379364014
0.013493683959506913,1840423.2398148149,0.01484305226692447,0.013394419600566228,1829770.7611111111,-2.8709751976860893,38,9.157668352127075,0.5177011489868164,0.48543643951416016,10.160805940628052
0.01289479070239597,1809267.3907407408,0.014184269782753639,0.017043376341462135,1791294.075,-2.6321896606021458,39,9.150116682052612,0.5169029235839844,0.2683851718902588,9.935404777526855
0.013552872887180175,1784966.5969135803,0.014908160202573111,0.016590997618105677,1819343.8083333333,-2.65753362443712,40,9.145437002182007,0.5184171199798584,0.26839137077331543,9.93224549293518
0.012802736564642854,1756551.5179012346,0.014083010103139613,0.015709370209111107,1770950.5777777778,-2.7149573538038467,41,9.147984743118286,0.5182514190673828,0.22904682159423828,9.895282983779907
0.012205909484606467,1734547.524382716,0.013426500381786883,0.013227760729690393,1754279.2722222223,-2.8877073182000053,42,9.145473957061768,0.5179693698883057,0.4083707332611084,10.071814060211182
0.013789221711088847,1726558.6546296296,0.01516814403189921,0.01593566553460227,1782579.05,-2.7002803908454047,43,9.152146339416504,0.518162727355957,0.2717413902282715,9.942050457000732
0.01282884147202159,1755357.085185185,0.014111725601977036,0.014264685205287404,1756590.5638888888,-2.8121820131937665,44,9.151106119155884,0.518280029296875,0.27074599266052246,9.940132141113281
0.013009519523216618,1700187.5654320987,0.014310471387005147,0.014543666276666853,1678342.4972222222,-2.797427537706163,45,9.152199506759644,0.5175514221191406,0.2662942409515381,9.936045169830322
0.01146995340830382,1668133.4101851853,0.012616948778798551,0.016378841714726554,1697272.536111111,-2.677425416310628,46,9.149284362792969,0.51869797706604,0.26383495330810547,9.931817293167114
0.011543302208093213,1639411.900617284,0.012697632396938625,0.011888099917107159,1622041.9666666666,-3.002829011281331,47,9.14637541770935,0.5175514221191406,0.39900827407836914,10.06293511390686
0.012038497525600739,1616046.3092592594,0.01324234732001284,0.01406939725081126,1663664.1805555555,-2.8313716888427733,48,9.15524935722351,0.5169847011566162,0.26619696617126465,9.938431024551392
0.01085081836093723,1611659.2206790124,0.011935900204619508,0.011300121309856574,1673787.1444444444,-3.0502437750498452,49,9.146264553070068,0.5180578231811523,0.37763524055480957,10.04195761680603
0.009919163545616614,1622622.1459876543,0.010911079981352812,0.009585677542620234,1640969.5555555555,-3.2171233812967936,50,9.147177934646606,0.5165219306945801,0.41721439361572266,10.08091425895691
0.01054183928594913,1585150.413580247,0.011596023153375696,0.016648899846606783,1591279.2055555556,-2.6674079577128094,51,9.148666381835938,0.5177030563354492,0.2648746967315674,9.931244134902954
0.010740424593749605,1578176.526851852,0.011814466967350907,0.01226870823237631,1579673.7611111111,-2.9735128190782336,52,9.142875671386719,0.5179519653320312,0.26540160179138184,9.926229238510132
0.010474877208931211,1566559.5777777778,0.011522365028015626,0.01243187545074357,1563245.236111111,-2.961269569396973,53,9.151743173599243,0.517627477645874,0.26862168312072754,9.937992334365845
0.01044320813667627,1549877.1685185186,0.011487529063482344,0.010711537529197004,1540369.6944444445,-3.111701096428765,54,9.148444890975952,0.5185360908508301,0.26529359817504883,9.932274580001831
0.010332276959570102,1534424.888888889,0.011365504677832863,0.010648541876839267,1568571.8666666667,-3.115841489368015,55,9.145826816558838,0.5175933837890625,0.2806100845336914,9.944030284881592
0.010105989289320546,1530751.1543209876,0.011116588308855339,0.00979439489957359,1505445.2444444445,-3.2035364151000976,56,9.149587154388428,0.5172951221466064,0.2740752696990967,9.94095754623413
0.011081401024151732,1514426.2567901234,0.01218954093846274,0.021829223591420387,1511792.9944444445,-2.401650831434462,57,9.14411211013794,0.5176687240600586,0.2731456756591797,9.934926509857178
0.012966025581606377,1528104.3679012347,0.014262628021799487,0.012851076448957126,1513295.1166666667,-2.931355433993869,58,9.14798903465271,0.516599178314209,0.27118945121765137,9.93577766418457
0.011176963235585043,1509415.2858024691,0.012294659517521475,0.012026970978412363,1499699.9722222222,-2.9985695627000597,59,9.147602558135986,0.5161030292510986,0.27465271949768066,9.938358306884766
0.009866100427821095,1450061.0895061728,0.010852710546258791,0.009191262308094236,1477706.4527777778,-3.268959575229221,60,9.15203309059143,0.5175187587738037,0.4147453308105469,10.084297180175781
0.008807919862001766,1453076.7962962964,0.009688711830955229,0.011697776056826115,1448775.1583333334,-3.0302609125773112,61,9.148691892623901,0.5179362297058105,0.26888585090637207,9.935513973236084
0.008585504426356451,1445665.864506173,0.009444054915213291,0.009650494096179803,1501276.2527777778,-3.218711238437229,62,9.148057460784912,0.5172748565673828,0.26688218116760254,9.932214498519897
0.0087003593666502,1434712.5308641975,0.009570395325620968,0.008952941869695981,1457136.413888889,-3.296685653262668,63,9.148229837417603,0.5171256065368652,0.413790225982666,10.079145669937134
0.008397904523636824,1414724.363580247,0.009237695013943278,0.009485898891256915,1440077.7,-3.2401336457994248,64,9.14847707748413,0.5173790454864502,0.26749634742736816,9.93335247039795
0.009086068071149013,1414916.700925926,0.009994674816635655,0.010677838346196546,1417358.7416666667,-3.123300944434272,65,9.148914337158203,0.5169329643249512,0.26611804962158203,9.931965351104736
0.008484489458072701,1407832.0367283951,0.00933293826924062,0.008540606891943348,1395629.661111111,-3.349007987976074,66,9.153139591217041,0.5170395374298096,0.4175443649291992,10.08772349357605
0.008275360648554783,1394541.024382716,0.009102896789525762,0.01234708039296998,1416273.2305555556,-2.978006707297431,67,9.145633459091187,0.5173189640045166,0.2659299373626709,9.928882360458374
0.008390175360312432,1378322.9361111112,0.009229192887375384,0.011153294001188543,1427074.052777778,-3.07900513543023,68,9.144404888153076,0.5175032615661621,0.26689934730529785,9.928807497024536
0.007910251373678078,1371205.562654321,0.008701276459535699,0.008582289351357355,1394236.0333333334,-3.343338680267334,69,9.150760173797607,0.5174648761749268,0.26735806465148926,9.935583114624023
0.008860370383402448,1363494.1589506173,0.00974640737483163,0.009661655314266682,1367037.6805555555,-3.2267843776279026,70,9.149598836898804,0.5177881717681885,0.26526689529418945,9.932653903961182
0.009615265887322618,1378211.038580247,0.010576792459153099,0.009953559293515152,1426028.6361111111,-3.1927899572584364,71,9.148786544799805,0.5164930820465088,0.2658414840698242,9.931121110916138
0.008172027566642672,1378441.812037037,0.008989230347912252,0.009445533032218616,1412907.1666666667,-3.2466050730811227,72,9.147752046585083,0.5169515609741211,0.26618480682373047,9.930888414382935
0.009477374769379328,1354422.6833333333,0.010425112182619396,0.011273833591904906,1398587.1861111112,-3.070216751098633,73,9.148245811462402,0.5168640613555908,0.2664003372192383,9.931510210037231
0.008357052668285223,1328878.8021604938,0.009192757844281049,0.009809542737073369,1340395.1166666667,-3.213580322265625,74,9.145513534545898,0.518681526184082,0.2653508186340332,9.929545879364014
0.00849508894952359,1313629.0546296297,0.009344597852984329,0.008726980081862873,1328521.2277777777,-3.331446721818712,75,9.148968696594238,0.5174908638000488,0.2712838649749756,9.937743425369263
0.00905739118885479,1337063.3413580246,0.009963130297852152,0.009969766458703412,1320965.5916666666,-3.198846944173177,76,9.14687442779541,0.5172908306121826,0.26375699043273926,9.927922248840332
0.009035831763420576,1301425.8287037036,0.009939414812366903,0.012797480904393727,1315326.2388888889,-2.949657450781928,77,9.15044379234314,0.5167686939239502,0.2612886428833008,9.92850112915039
0.012380857590907885,1337675.8706790123,0.013618943435542378,0.0223623003396723,1441124.8805555555,-2.3823107030656603,78,9.152413845062256,0.5183849334716797,0.2682468891143799,9.939045667648315
0.0113646415648637,1399408.3685185185,0.012501105606371974,0.012466046959161758,1395041.986111111,-2.97021091249254,79,9.14789080619812,0.5184657573699951,0.27808308601379395,9.94443964958191
0.008405761693224862,1297222.3719135802,0.009246337779418187,0.00868846776170863,1279935.5638888888,-3.3395322534773086,80,9.147099018096924,0.5177760124206543,0.2653346061706543,9.930209636688232
0.008413526756160054,1265474.2401234568,0.009254879360719595,0.00836684327158663,1259538.5055555555,-3.378882895575629,81,9.148406267166138,0.5182604789733887,0.4076809883117676,10.074347734451294
0.007823296473074106,1247918.687345679,0.008605626071400849,0.013421771137250795,1251179.3333333333,-2.906920009189182,82,9.152947425842285,0.5176253318786621,0.23000860214233398,9.900581359863281
0.008799411572607947,1227509.7586419752,0.009679352627768192,0.008942368523114258,1218593.8972222223,-3.315741597281562,83,9.147108554840088,0.517803430557251,0.2710998058319092,9.936011791229248
0.007736139234017443,1225041.5203703705,0.00850975315236015,0.007176337629142735,1254179.3416666666,-3.5327805519104003,84,9.150067329406738,0.5180823802947998,0.41173315048217773,10.079882860183716
0.006663873419165611,1218116.2154320988,0.007330260732797561,0.00810724991477198,1257489.211111111,-3.410631709628635,85,9.153902530670166,0.5174262523651123,0.26628899574279785,9.937617778778076
0.00663301273835478,1211150.9438271604,0.007296314035300855,0.008114402192748255,1214502.0555555555,-3.4137242052290175,86,9.148353815078735,0.5176427364349365,0.26770830154418945,9.933704853057861
0.006994123006078564,1202734.1537037038,0.007693535287255122,0.007141260088731846,1211270.0972222222,-3.5414435068766275,87,9.14956545829773,0.5169703960418701,0.4148879051208496,10.08142375946045
0.006977198164864087,1198025.562962963,0.0076749180018165965,0.008332973822123474,1204903.9,-3.387344307369656,88,9.145686388015747,0.516895055770874,0.2695300579071045,9.932111501693726
0.0075904081127157914,1190787.3422839507,0.008349448835684194,0.007434550931470262,1195964.286111111,-3.5028410699632433,89,9.146776676177979,0.5181567668914795,0.23102140426635742,9.895954847335815
0.007540086992544892,1189401.697222222,0.008294095657765866,0.009577661669916577,1180774.7722222223,-3.2501575681898327,90,9.152178525924683,0.5163700580596924,0.2660963535308838,9.934644937515259
0.007538552011972592,1179972.4092592592,0.008292407275717936,0.009554034057590697,1218697.9027777778,-3.249940374162462,91,9.150482892990112,0.5181608200073242,0.2587130069732666,9.927356719970703
0.0070190831731406994,1168767.0577160495,0.007720991424112408,0.007014481505999963,1156454.5694444445,-3.563874249988132,92,9.160732984542847,0.5176987648010254,0.41479921340942383,10.093230962753296
0.006334072129547964,1151787.6077160493,0.0069674793377886585,0.007740594187958373,1159964.3916666666,-3.465774048699273,93,9.149079084396362,0.5168502330780029,0.2689340114593506,9.934863328933716
0.007306059132571574,1141046.9712962962,0.008036665041229607,0.010861292377942137,1147093.072222222,-3.1275087356567384,94,9.147193193435669,0.517866849899292,0.26984286308288574,9.934902906417847
0.009444181770546201,1173276.1271604938,0.010388600008769167,0.01174503829744127,1219426.388888889,-3.0432416915893556,95,9.152346134185791,0.5172946453094482,0.23106956481933594,9.900710344314575
0.00751109547039241,1147647.7175925926,0.00826220510435509,0.011575484048161241,1134642.7611111111,-3.0647150887383354,96,9.148973226547241,0.5180985927581787,0.2663536071777344,9.933425426483154
0.0072109704377290645,1126837.6280864198,0.007932067363534445,0.007689875229779217,1132986.7694444444,-3.474459966023763,97,9.156256198883057,0.5174410343170166,0.2718081474304199,9.945505380630493
0.006472980971505613,1106962.611728395,0.00712027905255924,0.007007685303688049,1100307.9416666667,-3.569637907875909,98,9.151532411575317,0.5172464847564697,0.4068748950958252,10.075653791427612
0.006436683728509111,1083499.19845679,0.007080352159194004,0.008682780464490255,1108695.177777778,-3.354679902394613,99,9.155161380767822,0.5196530818939209,0.2686135768890381,9.943428039550781
0.0064575792669698045,1086934.5716049382,0.0071033371692914285,0.008883319463994769,1121248.6083333334,-3.330700408087836,100,9.147879123687744,0.5184676647186279,0.2355959415435791,9.901942729949951
0.006728771564631183,1084783.1083333334,0.007401648706492083,0.007047294080257416,1069696.3833333333,-3.5668379889594184,101,9.14618468284607,0.5166904926300049,0.2659592628479004,9.928834438323975
0.006445186782950236,1070818.8895061729,0.00708970548240123,0.007328696859379609,1072426.2333333334,-3.527715884314643,102,9.15249252319336,0.5182251930236816,0.2527475357055664,9.923465251922607
0.005835910370274458,1057300.7308641975,0.006419501447889172,0.0076396570230523745,1048451.8555555556,-3.4888509856330026,103,9.156511783599854,0.5177078247070312,0.26973700523376465,9.94395661354065
0.005477267960201443,1045431.3379629629,0.006024994720693355,0.006118926271382306,1045618.5055555556,-3.710399119059245,104,9.152397632598877,0.5154955387115479,0.4040827751159668,10.071975946426392
0.005607715306550632,1039399.5478395062,0.006168486795353668,0.007244066231780582,1058356.236111111,-3.5429251299964055,105,9.143122434616089,0.5180935859680176,0.27065086364746094,9.931866884231567
0.007084798858857449,1070462.55,0.007793278713929064,0.00882220266179906,1081220.4805555556,-3.342450475692749,106,9.138208150863647,0.5176384449005127,0.26796722412109375,9.923813819885254
0.006262466974878385,1084338.4805555556,0.00688871369915612,0.008761436926821868,1089548.927777778,-3.3472994751400416,107,9.147764444351196,0.517228364944458,0.2603142261505127,9.925307035446167
0.007282929482329407,1089217.07345679,0.008011222468620098,0.006899420948078235,1075392.836111111,-3.5875076134999593,108,9.152917623519897,0.5176982879638672,0.25867271423339844,9.929288625717163
0.007141118676022247,1048115.9206790123,0.007855230542244735,0.006018567364662886,1064644.1416666666,-3.726551871829563,109,9.154761791229248,0.5177621841430664,0.4133796691894531,10.085903644561768
0.006097353748793219,1022150.2682098765,0.006707089053995815,0.010067548375162813,1045621.9027777778,-3.2125024795532227,110,9.149385929107666,0.518366813659668,0.22979021072387695,9.897542953491211
0.006856168439772762,1010176.1089506173,0.007541785294902913,0.00839808535658651,1036187.0152777778,-3.394998645782471,111,9.144371747970581,0.5178985595703125,0.25961995124816895,9.921890258789062
0.005890647010348829,992421.2973765432,0.006479711688043159,0.006820607350932227,983564.0472222222,-3.6080628818935816,112,9.154709100723267,0.5181689262390137,0.26578450202941895,9.9386625289917
0.005480081738651167,966091.2922839506,0.006028089933327319,0.00602026523815261,976689.6416666667,-3.7339542918735082,113,9.15084719657898,0.5178616046905518,0.4073209762573242,10.076029777526855
0.005261875425729854,966504.124845679,0.005788063004980853,0.006176734601871835,988769.2055555555,-3.706586127811008,114,9.152326345443726,0.5172972679138184,0.23214149475097656,9.90176510810852
0.005158963240683078,967797.950308642,0.005674859608902976,0.006152583513822821,969435.911111111,-3.712442233827379,115,9.146586418151855,0.5173647403717041,0.2670707702636719,9.931021928787231
0.006332787549422111,966700.6314814815,0.0069660663213810805,0.007989849429577589,982303.0666666667,-3.4499705208672418,116,9.142984628677368,0.5174994468688965,0.26683664321899414,9.927320718765259
0.005802186466983439,957328.1200617284,0.006382405101379126,0.006904550569338931,956308.6847222223,-3.598655610614353,117,9.145676136016846,0.5181329250335693,0.26610302925109863,9.929912090301514
0.005692531737602419,967184.4824074074,0.00626178499840108,0.006857754103839398,974606.5125,-3.603859938515557,118,9.145051956176758,0.5178642272949219,0.2659130096435547,9.928829193115234
0.005875624603603357,951073.3546296296,0.006463187023491403,0.008566488097939227,967698.0666666667,-3.3819905281066895,119,9.1560697555542,0.5171806812286377,0.27190709114074707,9.945157527923584
0.007237833185282387,953208.4114197531,0.007961616417921988,0.01003577106942733,998586.2736111111,-3.220311228434245,120,9.14795446395874,0.5168187618255615,0.26579928398132324,9.930572509765625
0.006803868399404081,976946.8141975309,0.007484255236699993,0.0073073596590095095,957929.3555555556,-3.5428025563557943,121,9.143566370010376,0.5181610584259033,0.2718346118927002,9.93356204032898
0.005991673792631906,936615.061265432,0.006590841220760787,0.00822699111368921,948044.8944444444,-3.4245696862538657,122,9.150121450424194,0.5173859596252441,0.2707326412200928,9.938240051269531
0.008110861928650626,946785.8773148148,0.008921948204069961,0.01031332854181528,934795.7402777778,-3.199688869052463,123,9.144596576690674,0.5179224014282227,0.27126240730285645,9.933781385421753
0.006889963906580284,907896.2955246913,0.007578960292179276,0.009436947831677065,909306.838888889,-3.291742112901476,124,9.146953582763672,0.5172843933105469,0.27066898345947266,9.934906959533691
0.006026558690692908,882558.7263888889,0.006629214587586897,0.01633036525713073,915462.4083333333,-2.742969200346205,125,9.149494886398315,0.5177557468414307,0.2655346393585205,9.932785272598267
0.0060608647614257575,875754.3959876543,0.006666951205719401,0.006874139110247294,887662.1347222222,-3.6105216185251874,126,9.151142835617065,0.5176069736480713,0.27118825912475586,9.939938068389893
0.005072042467877453,857892.3407407408,0.005579246686380586,0.006892211673160394,866341.1361111111,-3.6101706080966527,127,9.149384498596191,0.5180697441101074,0.27207183837890625,9.939526081085205
0.005531016883244853,857360.1393518519,0.006084118538570625,0.00807248672677411,868996.2805555556,-3.451792441474067,128,9.141777276992798,0.5191795825958252,0.2673518657684326,9.928308725357056
0.005884888900420916,867196.7368827161,0.0064733777758607895,0.006743871720714702,872196.0527777778,-3.6312537723117404,129,9.146646976470947,0.516775369644165,0.23261022567749023,9.896032571792603
0.00531235946526314,840296.1148148148,0.005843595470543261,0.006540275354766183,821883.3305555555,-3.6685201432969836,130,9.141655921936035,0.5178790092468262,0.26044130325317383,9.919976234436035
0.005446560641773689,844444.5580246913,0.005991216734005714,0.007120203764902221,847099.5861111111,-3.5800177097320556,131,9.151298522949219,0.5172278881072998,0.2602047920227051,9.928731203079224
0.006050478993558589,828588.0973765432,0.006655526883256289,0.006449663721852832,828591.0388888889,-3.681297704908583,132,9.15241813659668,0.517120361328125,0.2613840103149414,9.930922508239746
0.005582567016927548,834108.038580247,0.006140823754263513,0.005924324991388453,825215.3138888889,-3.7664657910664876,133,9.157301664352417,0.5177347660064697,0.41088294982910156,10.085919380187988
0.005309564729485614,809111.9442901234,0.005840521165526208,0.006059390689349837,808645.4166666666,-3.7474221176571314,134,9.151091814041138,0.5186684131622314,0.25320887565612793,9.922969102859497
0.005533095827487148,786239.8408950617,0.006086405488535946,0.007113258695850769,772193.848611111,-3.590212811364068,135,9.159481763839722,0.5179042816162109,0.2543497085571289,9.931735754013062
0.005152402960775811,769824.9586419753,0.00566764322258992,0.007204595373736487,765166.6055555556,-3.578377511766222,136,9.154851913452148,0.5177857875823975,0.264939546585083,9.937577247619629
0.005849586006391932,766783.5970679013,0.006434544605881344,0.007303962722006771,800206.8013888889,-3.5602544943491616,137,9.153534412384033,0.517352819442749,0.258115291595459,9.929002523422241
0.005815951489372018,774427.9766975308,0.006397546615083644,0.00913979137937228,766444.6055555556,-3.340174330605401,138,9.158802032470703,0.5197153091430664,0.26006484031677246,9.938582181930542
0.006827034394222277,790843.862808642,0.00750973780558985,0.00914151089058982,796855.9180555556,-3.3366405910915797,139,9.158588409423828,0.5182344913482666,0.27031517028808594,9.94713807106018
0.0063229475089889246,780085.7864197531,0.006955242232867965,0.006872742354042,773981.9916666667,-3.624331008063422,140,9.150619506835938,0.5169517993927002,0.26711201667785645,9.934683322906494
0.005677558755341135,748341.7518518518,0.006245314634554548,0.006912834911296765,755547.7583333333,-3.62087222205268,141,9.150089979171753,0.5179388523101807,0.2669949531555176,9.935023784637451
0.005036206998758846,728831.9350308642,0.005539827678858498,0.006748653099768692,743066.0166666667,-3.6467072592841254,142,9.148508071899414,0.5184450149536133,0.2671658992767334,9.93411898612976
0.006471311588438205,739932.0975308642,0.007118442752341062,0.010003352930976286,774686.7333333333,-3.2488240242004394,143,9.153074979782104,0.5183296203613281,0.2650723457336426,9.936476945877075
0.005792632953114348,721224.0628086419,0.006371896248310804,0.005361407488170597,707159.8958333334,-3.8817465040418835,144,9.150999307632446,0.5175826549530029,0.4125089645385742,10.081090927124023
0.005644276085091226,687592.9023148149,0.00620870365427784,0.010075674206018449,709058.9722222222,-3.250534333123101,145,9.150290250778198,0.5180327892303467,0.2658512592315674,9.934174299240112
0.00571654250063462,700690.3736111111,0.006288196725977792,0.00563177177682519,697455.848611111,-3.8338132752312553,146,9.153638124465942,0.5180034637451172,0.27126479148864746,9.942906379699707
0.004648688494193333,674529.775308642,0.005113557319122332,0.007040938848836554,667621.6916666667,-3.6151982095506456,147,9.14924144744873,0.516556978225708,0.3353409767150879,10.001139402389526
0.0057770445023053955,670690.4837962963,0.006354748929080404,0.007371045586963495,672712.55,-3.5682962523566353,148,9.148386478424072,0.517115592956543,0.26310133934020996,9.928603410720825
0.005255328867308519,652786.1234567901,0.005780861704943725,0.005903638992458582,634234.0527777778,-3.7963713751898873,149,9.149509191513062,0.5188696384429932,0.26398205757141113,9.932360887527466
0.005148397851735353,648528.112345679,0.005663237634494349,0.0067838497873809606,647614.5527777778,-3.655330753326416,150,9.15356159210205,0.5177466869354248,0.26440906524658203,9.935717344284058
0.004797879639829015,618622.8935185185,0.0052776675889797415,0.004708065806577603,601826.7625,-4.0279552035861546,151,9.155574798583984,0.5167226791381836,0.40616416931152344,10.078461647033691
0.004703751140860496,624349.7981481481,0.005174126261040384,0.006106560749726163,628990.1527777778,-3.763509029812283,152,9.150927305221558,0.5180099010467529,0.2699267864227295,9.93886399269104
0.005221526491467231,638675.1466049383,0.005743679162804727,0.005487467245095306,638238.7541666667,-3.8697097990247937,153,9.146874904632568,0.5185039043426514,0.2741866111755371,9.939565420150757
0.005937372413636358,624755.2734567901,0.006531109694207524,0.006647217139187787,638792.6583333333,-3.6768249723646376,154,9.153111219406128,0.5174920558929443,0.2764401435852051,9.947043418884277
0.005754653782940205,618711.8020061728,0.006330119114783075,0.005584099060959287,608171.9930555555,-3.8560611089070638,155,9.14821457862854,0.5172016620635986,0.27028584480285645,9.935702085494995
0.005641464364749414,598583.9027777778,0.006205610815941552,0.006714056618511677,592440.4097222222,-3.6744385931226944,156,9.154067754745483,0.5185136795043945,0.2697479724884033,9.942329406738281
0.0050058187721412125,558146.2348765432,0.00550640066280777,0.00515966916249858,556006.9055555556,-3.9440407752990723,157,9.152692079544067,0.517754316329956,0.27468323707580566,9.945129632949829
0.0050741324109243756,555426.7015432098,0.005581545623962158,0.006659751985636023,590653.3763888889,-3.6827974213494197,158,9.14585018157959,0.5172381401062012,0.27458882331848145,9.937677145004272
0.004843291382730743,551716.6652777778,0.005327620588380981,0.0055686891389389835,541480.6694444445,-3.8705324278937447,159,9.151567459106445,0.5172171592712402,0.27117061614990234,9.939955234527588
0.004369011456951683,529456.9608024692,0.004805912671863664,0.0041620249032146405,523346.06319444446,-4.1651585578918455,160,9.157236337661743,0.5190584659576416,0.41783690452575684,10.094131708145142
0.004606824487815669,514955.90277777775,0.005067506947635133,0.007273877929482195,518104.95694444445,-3.6086050987243654,161,9.153754949569702,0.5181698799133301,0.2629518508911133,9.934876680374146
0.0055965052135748625,567782.7760802469,0.006156155753328845,0.007925091808040937,608057.8180555556,-3.5061885091993545,162,9.156047582626343,0.5179436206817627,0.2720513343811035,9.946042537689209
0.005793356911543711,572328.8212962963,0.00637269266018713,0.008401909780999025,571577.2958333333,-3.4537303606669107,163,9.151355981826782,0.518439769744873,0.26266932487487793,9.932465076446533
0.005274543353574879,549384.3146604939,0.0058019977108931834,0.006688446510169241,521428.1736111111,-3.690964772966173,164,9.156692266464233,0.5185873508453369,0.2688896656036377,9.944169282913208
0.005682657429097611,506235.5849537037,0.006250923184425007,0.007413715600139565,500539.16319444444,-3.592234155866835,165,9.152336359024048,0.5181217193603516,0.2738916873931885,9.944349765777588
0.005177830472404574,485093.07453703706,0.005695613536891746,0.005251259636133909,484289.93402777775,-3.941197289360894,166,9.150124311447144,0.5172748565673828,0.27385663986206055,9.941255807876587
0.005140488717796994,488949.1709104938,0.005654537621425626,0.007286210461623139,515697.6659722222,-3.6066472477383082,167,9.153473854064941,0.5179567337036133,0.2690126895904541,9.940443277359009
0.004957554966533257,487283.6463734568,0.0054533104791685385,0.005619690732823478,493656.0215277778,-3.870590835147434,168,9.153656005859375,0.5184307098388672,0.263444185256958,9.9355309009552
0.004679903773199997,465335.3094135802,0.005147894159143354,0.005876972578052017,429268.8930555555,-3.8398742993672688,169,9.153980493545532,0.5179479122161865,0.2709627151489258,9.942891120910645
0.004407780764647472,421200.6758487654,0.004848558882274378,0.005685835911167993,457152.48541666666,-3.8685072739919026,170,9.151615142822266,0.5170638561248779,0.256267786026001,9.924946784973145
0.00556947688491624,476537.96944444446,0.006126424574787602,0.004935273393574688,486446.0680555556,-4.0020889600118,171,9.153096675872803,0.5178534984588623,0.2699575424194336,9.940907716751099
0.005037850662376042,467258.8596450617,0.005541635718610552,0.0051008744165301325,442712.4375,-3.9797716352674697,172,9.140366077423096,0.5167574882507324,0.26523923873901367,9.922362804412842
0.004647581132105839,424349.12762345676,0.005112339231978964,0.006843900349405077,420161.45694444445,-3.6902590327792697,173,9.149951219558716,0.5174479484558105,0.23723864555358887,9.904637813568115
0.004353689188482585,415547.2022376543,0.004789058062719342,0.005150909494194719,408412.8673611111,-3.9768125957912868,174,9.146362781524658,0.5165996551513672,0.2658209800720215,9.928783416748047
0.0043760908813572225,391562.8323302469,0.0048136999853599215,0.005516979812333981,399851.6,-3.9110427220662434,175,9.151101350784302,0.5167005062103271,0.2625863552093506,9.93038821220398
0.004193845564890423,379043.98325617285,0.004613230104937598,0.006123855327152544,379551.24652777775,-3.8117420938279896,176,9.15554165840149,0.5183324813842773,0.23326802253723145,9.907142162322998
0.004779413654066531,408752.92330246913,0.0052573550377547,0.006320248575260242,393286.52430555556,-3.776442368825277,177,9.147130727767944,0.5173707008361816,0.26810121536254883,9.932602643966675
0.0043975665004073105,399366.70563271607,0.004837323149183282,0.006328716977602906,394414.70972222224,-3.7742226706610786,178,9.16110348701477,0.5179486274719238,0.267991304397583,9.947043418884277
0.004575841979664049,408256.1624228395,0.005033426213273663,0.005606487983216842,411801.73125,-3.8917739232381185,179,9.154247045516968,0.5183908939361572,0.27042293548583984,9.943060874938965
0.004770104036333016,388610.20393518516,0.005247114443530639,0.005648690048191282,399447.21041666664,-3.8866048494974774,180,9.152157306671143,0.5177204608917236,0.26175594329833984,9.931633710861206
0.004919689878775382,380113.99737654324,0.005411658875276277,0.005826466975526677,396057.57708333334,-3.8565946208106148,181,9.156941652297974,0.5177431106567383,0.2697560787200928,9.944440841674805
0.004315810171703314,357841.5171296296,0.004747391147194085,0.006004203504158391,358348.8576388889,-3.836424085828993,182,9.150522470474243,0.5178899765014648,0.26353907585144043,9.931951522827148
0.004430715724204977,357290.418595679,0.004873787334625736,0.004273643541253275,343290.68819444446,-4.180680931939019,183,9.15776252746582,0.5181498527526855,0.4060838222503662,10.081996202468872
0.004462291051944097,335207.42476851854,0.004908520189102417,0.006324659836375051,335237.5111111111,-3.794297684563531,184,9.154842853546143,0.5170793533325195,0.2639644145965576,9.93588662147522
0.004972287129472803,394423.474845679,0.00546951590358843,0.00543833863404062,360348.4243055555,-3.935193591647678,185,9.148877620697021,0.517707347869873,0.262592077255249,9.929177045822144
0.004801130652381682,344144.0502314815,0.005281243688300436,0.005758991930633783,336081.80069444445,-3.8848007096184625,186,9.156221389770508,0.5180380344390869,0.26015257835388184,9.934412002563477
0.005130822392019592,346468.29922839504,0.00564390465065285,0.006030315305623743,340202.5958333333,-3.8373552428351507,187,9.151021718978882,0.517204999923706,0.2630746364593506,9.931301355361938
0.005385790013328747,358072.6397376543,0.005924369044096014,0.008102970239188935,375688.1770833333,-3.5319999323950872,188,9.15033221244812,0.5179131031036377,0.2598700523376465,9.928115367889404
0.005403782465253715,376847.4489197531,0.005944160741098501,0.005969200935214758,366128.4861111111,-3.8400826454162598,189,9.152376413345337,0.5173847675323486,0.2634608745574951,9.93322205543518
0.004032632967250214,323016.35493827163,0.0044358963204294815,0.004956093927224477,313022.6854166667,-4.043720881144206,190,9.152087450027466,0.517897367477417,0.23308825492858887,9.903073072433472
0.004262781631845383,297548.075308642,0.004689059835387233,0.004769513424899843,276696.34722222225,-4.092711109585232,191,9.145323514938354,0.5179691314697266,0.26420116424560547,9.927493810653687
0.0044665430557488655,284780.1413580247,0.004913197396851984,0.007374996402197414,289868.87638888886,-3.6519777509901257,192,9.152134656906128,0.5186662673950195,0.267195463180542,9.93799638748169
0.0043217460981305736,297389.6105709876,0.004753920770491715,0.013413787881533305,314787.28125,-3.0455126126607257,193,9.153899669647217,0.5169510841369629,0.2661728858947754,9.937023639678955
0.006163468039422124,354165.97037037037,0.006779814796683229,0.005701734125614167,330231.0513888889,-3.8963434431287975,194,9.147752285003662,0.5178797245025635,0.25971055030822754,9.925342559814453
0.00536702994119238,327945.1682098765,0.0059037329882015415,0.006008965397874514,340012.0645833333,-3.8409072240193685,195,9.156761407852173,0.518120288848877,0.27051591873168945,9.94539761543274
0.005057092273124942,310826.51813271607,0.0055628015441291125,0.004645601349572341,279231.1895833333,-4.118360424041748,196,9.149900913238525,0.5180535316467285,0.25992369651794434,9.927878141403198
0.004555677271298604,274346.47299382713,0.005011244987448056,0.0069203635367254416,288019.28541666665,-3.7162892235649956,197,9.151738405227661,0.5168976783752441,0.2599365711212158,9.928572654724121
0.005260753692530188,271580.8427469136,0.005786829033613573,0.005823222361505032,281762.4819444445,-3.891323799557156,198,9.156371355056763,0.5177059173583984,0.2731330394744873,9.947210311889648
0.0042431586697973585,258388.32469135802,0.0046674745065378555,0.006580299728860458,268448.79027777776,-3.7736442512936064,199,9.150311470031738,0.5171403884887695,0.2703709602355957,9.937822818756104
0.005310098122069497,278014.76820987655,0.005841107917144711,0.006727744856228431,310819.9,-3.7375048213534887,200,9.151120662689209,0.5174715518951416,0.26595640182495117,9.934548616409302
0.005418357586511123,306080.57731481484,0.005960193384484744,0.006688913527048297,291519.06319444446,-3.749196990331014,201,9.15108323097229,0.5170445442199707,0.2297039031982422,9.897831678390503
0.005369691702502745,283701.3042438272,0.005906660916904608,0.004553032180087434,257720.00833333333,-4.146942954593235,202,9.14803147315979,0.5170598030090332,0.2666609287261963,9.93175220489502
0.004224255573533384,258270.39359567902,0.004646681230745198,0.004965959116816521,238658.840625,-4.067194355858697,203,9.148380756378174,0.5183131694793701,0.2730576992034912,9.939751625061035
0.0043774045417430225,238369.234375,0.004815144926585533,0.004972703434112999,270817.44097222225,-4.053051418728298,204,9.152781963348389,0.5169916152954102,0.26580333709716797,9.935576915740967
0.004031415684378626,236829.34479166666,0.004434557224589366,0.005816314410832193,228122.26736111112,-3.9140146997239853,205,9.147061824798584,0.5174412727355957,0.263761043548584,9.928264141082764
0.004179019655710385,215333.19297839506,0.004596921638298182,0.006874895416614082,230903.89097222223,-3.744903341929118,206,9.154191970825195,0.5174469947814941,0.2660222053527832,9.937661170959473
0.0052539625090121484,231801.01188271606,0.0057793587768151435,0.006111930269334051,263812.97743055556,-3.849233060412937,207,9.14718222618103,0.5200545787811279,0.2683448791503906,9.935581684112549
0.004566141695106103,250941.46921296295,0.005022755868870903,0.004322613382505046,239201.81875,-4.205589803059896,208,9.142799615859985,0.5172815322875977,0.41559648513793945,10.075677633285522
0.00420313287112448,212922.9987654321,0.004623446121443937,0.00483923919705881,229048.06770833334,-4.097063732147217,209,9.143134593963623,0.5175833702087402,0.26476383209228516,9.925481796264648
0.004680548647395623,219887.45416666666,0.005148603508455886,0.006411949834889836,209065.42291666666,-3.824674791759915,210,9.147640228271484,0.5176358222961426,0.258333683013916,9.923609733581543
0.004568553633160061,212905.95644290122,0.005025408986128039,0.005599055946287182,236004.009375,-3.9486081335279675,211,9.151336431503296,0.5169804096221924,0.2587709426879883,9.927087783813477
0.0043103463338389075,202694.92330246913,0.004741380993782738,0.008056632118920486,206595.90555555557,-3.597483687930637,212,9.152286052703857,0.5170423984527588,0.2587904930114746,9.92811894416809
0.004643244842458287,206943.56288580247,0.005107569390976871,0.006225940036690898,219718.23229166667,-3.8491513146294487,213,9.150664567947388,0.516587495803833,0.2597217559814453,9.926973819732666
0.005540940993362003,247642.48078703703,0.006095035125811895,0.009551433473825454,322317.0444444445,-3.3830898284912108,214,9.147721767425537,0.5173888206481934,0.25996875762939453,9.925079345703125
0.13621477554609746,1543334.3956790124,0.14983625445100995,1.3776728418138293,5064181.8,1.8641287273830838,215,9.14597487449646,0.5167937278747559,0.26625561714172363,9.92902421951294
0.18910028529755862,3862299.3814814813,0.20801031431298198,1.6752135462231106,5481494.077777778,2.067625872294108,216,9.14106035232544,0.5176801681518555,0.26664280891418457,9.92538332939148
0.068651570526906,2625481.737654321,0.07551672750233132,0.19051562282774184,2363035.216666667,-0.19050963719685873,217,9.137205600738525,0.5171442031860352,0.2598152160644531,9.914165019989014
0.036664354690799004,2092093.4401234568,0.04033078998327255,0.04747539750403828,1954105.525,-1.5991328133477105,218,9.141837120056152,0.5168859958648682,0.2651553153991699,9.92387843132019
0.030878722235376452,1861189.3219135802,0.03396659479648979,0.03045406047668722,1815480.163888889,-2.050399594836765,219,9.144880294799805,0.5167026519775391,0.25911569595336914,9.920698642730713
0.022693684448798497,1690369.362654321,0.024963052957146258,0.025114576021830242,1651522.6944444445,-2.2527912987603083,220,9.145457029342651,0.5174746513366699,0.22991394996643066,9.892845630645752
0.019634335649050313,1580360.2391975308,0.021597769184980863,0.024245913699269296,1554895.5555555555,-2.293823088539971,221,9.139644384384155,0.5170526504516602,0.260986328125,9.917683362960815
0.01722615457335372,1478342.2787037038,0.01894877016728307,0.0267814542270369,1481116.838888889,-2.1993662728203667,222,9.147135019302368,0.5177209377288818,0.2645540237426758,9.929409980773926
0.017731704107589192,1426125.560493827,0.019504874636545592,0.02949555636280113,1469692.038888889,-2.1036239094204374,223,9.147186040878296,0.516822099685669,0.26836299896240234,9.932371139526367
0.016734776167589942,1370776.1904320987,0.018408254000507756,0.018313105487161214,1367712.3555555556,-2.5872734599643286,224,9.1407470703125,0.5197699069976807,0.2590317726135254,9.919548749923706
0.015913850124235508,1309486.5648148148,0.017505235086988518,0.019397050018111865,1310421.322222222,-2.534254052903917,225,9.147192001342773,0.5169367790222168,0.26627612113952637,9.930404901504517
0.01642757085968315,1279790.2172839507,0.018070328168938925,0.01868090219795704,1277348.4833333334,-2.574235396915012,226,9.143528699874878,0.5179944038391113,0.26724767684936523,9.928770780563354
0.01494548713075526,1239374.0327160493,0.016440035630431442,0.01893783112366994,1207497.8055555555,-2.5662578370836044,227,9.14476227760315,0.5175116062164307,0.2647676467895508,9.92704153060913
0.013394086407842459,1204417.6222222222,0.014733495006774679,0.0119942392119103,1191309.586111111,-3.024499522315131,228,9.143561363220215,0.5173683166503906,0.33421826362609863,9.995147943496704
0.01287007566863372,1168414.3475308642,0.014157083225838932,0.019849621794290014,1166269.6944444445,-2.522855292426215,229,9.146531343460083,0.5163590908050537,0.2666025161743164,9.929492950439453
0.01212043220890157,1144345.1549382715,0.013332475473483403,0.04322739599479569,1156633.8638888889,-1.7452087852689955,230,9.141552686691284,0.517742395401001,0.26317596435546875,9.922471046447754
0.015760784115596317,1129167.4175925925,0.017336862237641106,0.025209355726838113,1153747.2666666666,-2.2860316700405545,231,9.146948099136353,0.5168390274047852,0.2288966178894043,9.892683744430542
0.012606061551214,1131397.4049382715,0.01386666754145681,0.010268340735799736,1085412.8333333333,-3.1893265194363063,232,9.147028684616089,0.5174441337585449,0.2611730098724365,9.92564582824707
0.009662252312733068,1071083.1410493827,0.010628477502384303,0.012375375628471375,1086044.3111111112,-3.003111457824707,233,9.153177261352539,0.5174679756164551,0.26526808738708496,9.935913324356079
0.010422175867414033,1066649.7595679013,0.01146439359649832,0.011293755430314276,1066164.7055555556,-3.0955731444888643,234,9.144546031951904,0.5170750617980957,0.26516151428222656,9.926782608032227
0.010421843773880859,1048489.686728395,0.011464028060436249,0.015122139309015539,1060922.986111111,-2.804138257768419,235,9.148799896240234,0.5179719924926758,0.26993513107299805,9.936707019805908
0.01318190144719901,1039960.7191358025,0.014500091385878162,0.011174871648351351,1060562.75,-3.106662697262234,236,9.146006107330322,0.5176823139190674,0.26404786109924316,9.927736282348633
0.01109470258248441,1061166.3304012346,0.012204172814057933,0.011185025340980953,1033250.7833333333,-3.108523882759942,237,9.150537490844727,0.5167467594146729,0.26633739471435547,9.933621644973755
0.011227164569276351,1015802.1444444444,0.01234988100182863,0.019468862149450514,1020643.8472222222,-2.5553676658206514,238,9.143085479736328,0.5174357891082764,0.2657926082611084,9.926313877105713
0.010107951921721299,987116.8395061728,0.01111874720196665,0.01277977880090475,989302.8680555555,-2.9799461152818467,239,9.143269300460815,0.5173993110656738,0.2533700466156006,9.91403865814209
0.008249958705754928,975907.911882716,0.009074954582769194,0.009169043683343463,965188.4472222222,-3.3139558421240913,240,9.152724266052246,0.5175597667694092,0.2588987350463867,9.929182767868042
0.008644590172686695,965248.2029320988,0.009509049176617905,0.01117933342854182,964430.4041666667,-3.115822845035129,241,9.153305530548096,0.5168306827545166,0.2583136558532715,9.928449869155884
0.00998109276463956,961091.0563271604,0.010979201936703405,0.01249911209775342,953680.4861111111,-3.005301316579183,242,9.155224323272705,0.5170643329620361,0.27077531814575195,9.943063974380493
0.0076666704471004595,943781.8362654321,0.008433337523429483,0.019118298093477884,961869.5041666667,-2.579690180884467,243,9.146048307418823,0.5170197486877441,0.25421786308288574,9.917285919189453
0.007804660370320449,944339.9055555556,0.008585126426668815,0.011255013797846105,957500.6388888889,-3.110083590613471,244,9.154886722564697,0.5186178684234619,0.26827406883239746,9.941778659820557
0.008114827615151435,945838.0479938271,0.008926310484516031,0.007933164118892617,939154.5402777778,-3.461661762661404,245,9.150614738464355,0.5178534984588623,0.2662956714630127,9.93476390838623
0.0103458378073058,930329.0805555555,0.011380421473748153,0.009642737069063717,917878.3944444444,-3.2687530835469563,246,9.154537200927734,0.5169696807861328,0.26786136627197266,9.93936824798584
0.009567745039124548,918912.2631172839,0.010524519565112796,0.01444835795296563,928925.598611111,-2.863072797987196,247,9.15442156791687,0.5184500217437744,0.2645721435546875,9.937443733215332
0.008986082696068435,919910.6632716049,0.009884690990050633,0.010453582575751675,904744.8402777778,-3.1895883242289225,248,9.154074907302856,0.5169708728790283,0.2642853260040283,9.935331106185913
0.010153472002733636,889218.6552469135,0.011168819286481097,0.011108450012074576,890244.3152777777,-3.1301386621263294,249,9.147955656051636,0.5171871185302734,0.25998449325561523,9.925127267837524
0.00820383051249348,863504.1674382716,0.009024213382077437,0.010951121586064498,855925.9263888889,-3.1486805809868708,250,9.152178525924683,0.5177397727966309,0.26808691024780273,9.938005208969116
0.008553653014938772,843586.638580247,0.00940901844497816,0.013464021020465428,850516.5305555556,-2.942411200205485,251,9.149568319320679,0.5171768665313721,0.26433753967285156,9.931082725524902
0.009276814405794864,833915.9851851852,0.01020449582533336,0.010458483464188047,828047.286111111,-3.198809051513672,252,9.152242660522461,0.517667293548584,0.264728307723999,9.934638261795044
0.009868140900392591,833393.9646604938,0.010854954999170186,0.011655560529066456,834937.6527777778,-3.0887431197696262,253,9.149795532226562,0.5176575183868408,0.26378321647644043,9.931236267089844
0.00831930675762303,824745.3268518519,0.00915123751088057,0.0175528975824515,839250.5569444444,-2.6795520570543077,254,9.147642135620117,0.5166015625,0.26939916610717773,9.933642864227295
0.009944472111255667,823831.6993827161,0.01093891919763,0.009367883453766506,818355.0416666666,-3.3090211126539444,255,9.145666599273682,0.5186197757720947,0.2668936252593994,9.931180000305176
